0000
0002
0003
0004
0005
0006
0007
0008
0009
0010
0011
0012
0013
0014
0015
0016
0017
0018
0019
0020
0021
0022
0023
0025
0026
0029
0030
0031
0032
0033
0034
0035
0036
0037
0038
0039
0040
0041
0042
0043
0044
0045
0047
0048
0049
0050
0051
0052
0054
0055
0056
0057
0058
0059
0060
0063
0064
0065
0066
0067
0068
0069
0070
0071
0072
0073
0074
0075
0076
0077
0078
0079
0080
0081
0082
0083
0084
0085
0086
0087
0088
0089
0090
0091
0092
0093
0094
0095
0096
0097
0099
0100
0101
0102
0103
0104
0105
0106
0107
0108
0109
0110
0111
0112
0113
0114
0115
0116
0117
0118
0119
0120
0121
0122
0123
0124
0125
0126
0127
0128
0129
0130
0131
0132
0133
0134
0135
0136
0137
0138
0139
0140
0141
0142
0143
0144
0145
0146
0147
0148
0149
0150
0151
0152
0153
0154
0155
0156
0157
0158
0159
0160
0161
0163
0164
0165
0166
0167
0168
0173
0174
0175
0176
0177
0178
0179
0180
0181
0182
0183
0184
0185
0186
0187
0189
0190
0191
0192
0193
0194
0195
0196
0197
0198
0199
0200
0201
0203
0204
0205
0206
0207
0208
0209
0210
0211
0212
0213
0214
0215
0216
0217
0218
0219
0220
0221
0222
0224
0225
0226
0227
0228
0229
0231
0232
0233
0234
0237
0238
0239
0240
0241
0242
0243
0244
0245
0246
0247
0248
0249
0250
0251
0252
0253
0254
0255
0256
0260
0261
0262
0263
0264
0265
0266
0267
0268
0269
0270
0271
0272
0273
0275
0276
0277
0278
0279
0280
0281
0283
0285
0286
0288
0289
0293
0294
0295
0297
0299
0300
0302
0303
0304
0305
0306
0307
0308
0310
0311
0312
0313
0317
0318
0319
0320
0321
0322
0324
0325
0326
0327
0328
0329
0330
0331
0332
0333
0335
0336
0337
0339
0340
0341
0342
0343
0344
0345
0346
0347
0348
0349
0352
0353
0354
0355
0356
0357
0358
0359
0360
0361
0363
0364
0365
0367
0368
0369
0370
0371
0373
0374
0375
0377
0378
0379
0380
0381
0382
0383
0385
0386
0387
0388
0389
0390
0393
0394
0395
0396
0397
0398
0399
0400
0401
0402
0403
0404
0405
0406
0407
0408
0409
0410
0411
0413
0414
0415
0416
0417
0418
0419
0420
0422
0423
0424
0425
0426
0427
0429
0430
0432
0433
0434
0435
0436
0437
0438
0439
0440
0441
0442
0443
0444
0445
0446
0447
0448
0449
0450
0451
0452
0453
0454
0456
0457
0458
0459
0460
0461
0462
0463
0464
0465
0467
0468
0469
0470
0471
0472
0473
0474
0475
0476
0477
0478
0479
0480
0481
0482
0483
0484
0485
0486
0488
0490
0491
0492
0493
0494
0495
0496
0497
0498
0499
0501
0502
0503
0504
0505
0506
0507
0508
0509
0510
0511
0512
0513
0514
0515
0516
0517
0518
0519
0521
0522
0523
0524
0525
0527
0528
0529
0530
0531
0532
0533
0534
0535
0536
0537
0538
0539
0540
0541
0544
0545
0546
0547
0548
0549
0550
0553
0554
0555
0556
0557
0558
0560
0562
0563
0564
0565
0566
0567
0568
0569
0570
0571
0572
0573
0574
0575
0576
0577
0578
0580
0581
0582
0583
0584
0585
0586
0587
0588
0589
0590
0591
0592
0593
0594
0595
0596
0598
0599
0600
0601
0602
0603
0604
0608
0609
0610
0611
0612
0613
0615
0616
0618
0622
0623
0624
0626
0627
0628
0629
0631
0632
0633
0634
0635
0636
0637
0638
0639
0640
0641
0642
0643
0644
0645
0646
0647
0648
0649
0650
0651
0652
0653
0655
0656
0657
0658
0659
0660
0661
0662
0663
0664
0665
0666
0667
0668
0669
0670
0671
0672
0673
0674
0675
0676
0677
0678
0679
0680
0681
0682
0683
0684
0685
0686
0687
0688
0689
0690
0691
0692
0693
0694
0695
0696
0697
0698
0699
0700
0702
0703
0704
0706
0707
0708
0709
0710
0711
0712
0714
0715
0716
0717
0718
0719
0720
0721
0722
0723
0724
0725
0727
0729
0730
0731
0732
0733
0734
0735
0736
0738
0739
0740
0743
0745
0746
0747
0748
0749
0750
0751
0752
0753
0754
0755
0757
0758
0759
0760
0761
0762
0763
0764
0765
0766
0767
0769
0770
0771
0772
0774
0775
0776
0777
0779
0780
0782
0783
0785
0789
0791
0792
0793
0794
0796
0797
0800
0801
0802
0803
0804
0812
0816
0818
0819
0821
0822
0823
0824
0826
0827
0828
0829
0831
0833
0834
0836
0839
0841
0843
0844
0845
0847
0851
0852
0853
0854
0855
0857
0858
0861
0864
0865
0868
0870
0871
0872
0873
0874
0877
0878
0881
0883
0886
0887
0888
0890
0891
0893
0895
0896
0897
0898
0899
0900
0901
0902
0903
0904
0905
0906
0911
0912
0913
0914
0917
0918
0919
0920
0921
0922
0923
0924
0926
0927
0929
0930
0931
0932
0934
0935
0936
0937
0938
0939
0940
0941
0943
0944
0945
0946
0947
0948
0949
0950
0951
0958
0959
0962
0963
0964
0965
0968
0973
0975
0976
0977
0978
0979
0980
0981
0984
0985
0986
0987
0988
0989
0990
0991
0992
0993
0994
0995
0996
0997
0998
0999
1000
1001
1002
1003
1005
1006
1007
1009
1012
1013
1014
1015
1016
1017
1018
1019
1020
1021
1022
1023
1024
1026
1027
1030
1031
1032
1033
1034
1035
1036
1037
1038
1039
1040
1041
1042
1044
1045
1046
1047
1048
1049
1050
1052
1053
1054
1055
1056
1057
1058
1061
1062
1063
1068
1070
1071
1072
1073
1075
1076
1079
1080
1081
1082
1083
1084
1086
1087
1088
1089
1090
1094
1095
1097
1098
1099
1100
1101
1103
1108
1109
1112
1114
1117
1118
1120
1121
1122
1123
1124
1125
1126
1128
1130
1131
1133
1135
1141
1144
1145
1146
1149
1150
1151
1153
1154
1155
1156
1157
1158
1159
1160
1163
1165
1166
1169
1170
1173
1174
1175
1176
1177
1179
1180
1181
1183
1184
1185
1186
1187
1188
1189
1191
1192
1193
1197
1199
1200
1202
1204
1207
1208
1212
1214
1217
1218
1219
1220
1221
1222
1223
1224
1225
1226
1227
1228
1229
1230
1231
1235
1236
1237
1238
1239
1240
1241
1242
1243
1244
1245
1247
1248
1249
1250
1251
1252
1253
1254
1255
1256
1257
1258
1261
1263
1265
1266
1270
1271
1272
1273
1275
1276
1277
1278
1279
1280
1281
1283
1284
1286
1287
1288
1289
1290
1292
1293
1294
1295
1298
1303
1304
1306
1307
1308
1309
1312
1314
1316
1317
1318
1320
1321
1322
1323
1324
1326
1330
1336
1340
1349
1357
1358
1360
1361
1362
1364
1369
1370
1372
1373
1377
1378
1379
1380
1381
1382
1386
1389
1391
1393
1395
1396
1397
1398
1399
1400
1401
1402
1403
1404
1405
1406
1408
1409
1410
1411
1412
1413
1414
1415
1416
1419
1420
1421
1422
1426
1427
1429
1431
1434
1436
1437
1438
1439
1440
1441
1442
1443
1444
1445
1446
1447
1448
1449
1450
1451
1452
1453
1454
1455
1456
1457
1459
1460
1462
1463
1464
1465
1466
1467
1468
1469
1470
1471
1472
1473
1474
1477
1478
1479
1481
1482
1483
1484
1487
1488
1491
1492
1494
1497
1501
1505
1507
1509
1517
1519
1531
1533
1534
1537
1540
1541
1542
1544
1548
1550
1551
1552
1554
1555
1557
1558
1559
1560
1564
1565
1566
1567
1569
1570
1572
1573
1574
1575
1576
1577
1578
1579
1581
1582
1583
1587
1589
1596
1597
1600
1601
1602
1603
1605
1606
1607
1614
1618
1630
1633
1637
1639
1641
1643
1645
1647
1648
1649
1650
1651
1652
1653
1654
1655
1657
1658
1659
1660
1661
1662
1663
1664
1665
1666
1667
1668
1669
1670
1671
1672
1673
1674
1676
1677
1678
1679
1680
1682
1685
1687
1688
1689
1690
1691
1692
1693
1694
1695
1696
1697
1698
1699
1700
1701
1702
1706
1707
1710
1712
1719
1723
1728
1731
1736
1738
1739
1740
1750
1755
1759
1765
1771
1772
1773
1780
1782
1783
1784
1785
1786
1790
1791
1794
1795
1796
1798
1799
1800
1801
1802
1803
1804
1805
1807
1808
1809
1810
1811
1812
1813
1814
1815
1816
1817
1818
1819
1820
1821
1822
1823
1824
1825
1826
1827
1828
1829
1830
1831
1832
1833
1834
1836
1837
1838
1839
1840
1842
1843
1844
1845
1849
1851
1856
1859
1860
1863
1878
1880
1881
1882
1883
1884
1885
1888
1889
1895
1896
1897
1898
1899
1900
1901
1902
1903
1904
1905
1906
1907
1908
1909
1911
1912
1913
1916
1927
1928
